  VARBC version 1.0 - Number of instruments: 
           1
 ------------------------------------------------
 Platform_id  Sat_id  Sensor_id  Nchanl  Npredmax
 ------------------------------------------------
          31           8          56          10           8
  -----> Bias predictor statistics:  Mean & Std & Nbgerr
       1.0    9570.5    8616.0     299.8      34.8      53.9    2919.8  159256.9
       0.0     137.8     158.7       3.9       8.1       4.3     462.3   37565.6
     10000     10000     10000     10000     10000     10000     10000     10000
  -----> Chanl_id Chanl_nb  Pred_use(-1/0/1)  Param
   1     1  0  0  0  0  0 -1 -1 -1  -2.200   0.000   0.000   0.000   0.000
   2     2  1  1  1  1  1 -1 -1 -1   0.792   0.197   0.040  -0.074   0.180
   3     3  1  1  1  1  1 -1 -1 -1   1.150   0.163   0.141  -0.020   0.098
   4     4  1  1  1  1  1 -1 -1 -1  -0.430   0.052   0.206   0.045  -0.010
   5     5  0  0  0  0  0 -1 -1 -1  -2.400   0.000   0.000   0.000   0.000
   6     6  0  0  0  0  0 -1 -1 -1   0.000   0.000   0.000   0.000   0.000
   7     7  0  0  0  0  0 -1 -1 -1   1.900   0.000   0.000   0.000   0.000
   8     8  0  0  0  0  0 -1 -1 -1   2.500   0.000   0.000   0.000   0.000
   9     9  0  0  0  0  0 -1 -1 -1   1.700   0.000   0.000   0.000   0.000
  10    10  0  0  0  0  0 -1 -1 -1  -1.200   0.000   0.000   0.000   0.000
